setup_id,pair,alert_ts,fill_ts,exit_ts,session,direction,event,entry_zone,entry,sl_raw,sl_initial,tp1,tp2,tp1_rr,tp2_rr,exit_reason,exit_price,r_realised,r_if_exit_tp1,r_if_exit_tp2,pnl_usd,eligible_for_headline,headline_exclusion,mfe_r,mae_r,bars_to_exit,bars_to_tp1,bars_to_tp2,ob_age_h1_bars,pd_zone,reversal_pct,reversed_from_extreme,score,structure_pts,sweep_pts,fvg_pts,freshness_pts,killzone_pts,confluences_present,sl_collision,model,ob_timestamp,bos_tag,bos_tier,bos_verdict,fvg_present,fvg_mitigation,sweep_present,ob_touches,break_close_atr,break_body_atr,break_excess,break_tier,ob_range_atr,fvg_size_atr,impulse_leg_atr,atr_at_ob,news_blocked,news_event_title,news_event_currency,news_event_source,news_event_ts,ist_blocked,alert_utc_hour,h1_trend,trend_alignment,alert_bar_ts,alert_seq,bos_timestamp,bias,pd_alignment,pd_pct,weekend_blocked,bos_sequence_count,fvg_state,ob_session,fill_session,ob_in_killzone,fill_in_killzone,killzone_alignment,killzone_blocked,killzone_windows
A0903,EURUSD,2008-01-04T13:00:00+00:00,2008-01-07T01:00:00+00:00,2008-01-07T06:00:00+00:00,NY,bullish,CHoCH CHoCH,proximal,1.4716,1.4695,1.4693,1.4748,1.4761,1.52,2.14,sl,1.4693,-1.0,-1.0,-1.0,-250.0,True,,0.87,-0.957,5,-1,-1,2,discount,0.0,False,5.0,3.0,0.0,0.0,2.0,0.0,"structure,freshness",False,h1_only,2008-01-04T11:00:00+00:00,CHoCH,CHoCH,holding,False,none,False,0,1.89,4.16,2.77,strong,0.878,,1.063,0.002164,False,,,,,False,13,bearish,against_trend,2008-01-04T12:00:00+00:00,1,2008-01-04T12:00:00+00:00,LONG,aligned,41.4,False,0,no_fvg,London,Asia,False,False,Neither,False,"London Open: 02:00-05:00 America/New_York, New York (forex): 07:00-10:00 America/New_York, London Close: 10:00-12:00 America/New_York"
A0904,EURUSD,2008-01-10T12:00:00+00:00,2008-01-10T12:00:00+00:00,2008-01-10T13:00:00+00:00,London,bearish,BOS BOS,proximal,1.4671,1.4702,1.4704,1.4646,,0.81,,sl,1.4704,-1.0,-1.0,-1.0,-250.0,True,,0.909,-0.061,1,-1,-1,4,premium,0.0,,6.0,3.0,0.0,0.0,2.0,1.0,"structure,freshness",False,h1_only,2008-01-10T08:00:00+00:00,BOS,BOS,holding,False,none,False,0,0.77,1.9,1.9,solid,1.493,,2.162,0.001943,False,,,,,False,12,bearish,with_trend,2008-01-10T11:00:00+00:00,1,2008-01-10T11:00:00+00:00,SHORT,aligned,53.2,False,1,no_fvg,London,London,True,True,Both,False,"London Open: 02:00-05:00 America/New_York, New York (forex): 07:00-10:00 America/New_York, London Close: 10:00-12:00 America/New_York"
A0905,EURUSD,2008-01-10T14:00:00+00:00,,,NY,bullish,CHoCH CHoCH,proximal,1.4682,1.4638,1.4636,1.4748,1.4761,1.5,1.8,never_filled,,0.0,0.0,0.0,0.0,False,never_filled,0.0,0.0,0,-1,-1,3,discount,1.0,True,6.0,4.0,0.0,0.0,2.0,0.0,"structure,freshness",False,h1_only,2008-01-10T11:00:00+00:00,CHoCH,CHoCH,holding,False,none,False,0,1.44,2.73,1.82,solid,1.638,,1.131,0.002564,False,,,,,False,14,bearish,against_trend,2008-01-10T13:00:00+00:00,1,2008-01-10T13:00:00+00:00,LONG,aligned,38.9,False,0,no_fvg,London,NY,False,False,never_filled,False,"London Open: 02:00-05:00 America/New_York, New York (forex): 07:00-10:00 America/New_York, London Close: 10:00-12:00 America/New_York"
A0906,EURUSD,2008-01-11T08:00:00+00:00,2008-01-11T09:00:00+00:00,2008-01-11T11:00:00+00:00,London,bearish,BOS BOS,proximal,1.4793,1.4812,1.4814,1.4708,1.4701,4.47,4.84,sl,1.4793,0.0,-1.0,-1.0,0.0,True,,1.571,-0.0,2,-1,-1,6,premium,0.0,,6.0,3.0,1.0,0.0,2.0,0.0,"structure,sweep,freshness",False,h1_only,2008-01-11T02:00:00+00:00,BOS,BOS,holding,False,none,True,0,0.54,1.5,1.5,marginal,1.017,,1.436,0.001671,False,,,,,False,8,bearish,with_trend,2008-01-11T07:00:00+00:00,1,2008-01-11T07:00:00+00:00,SHORT,aligned,89.0,False,1,no_fvg,Asia,London,False,True,Fill only,False,"London Open: 02:00-05:00 America/New_York, New York (forex): 07:00-10:00 America/New_York, London Close: 10:00-12:00 America/New_York"
A0907,EURUSD,2008-01-14T06:00:00+00:00,2008-01-15T15:00:00+00:00,2008-01-15T20:00:00+00:00,Asia,bullish,CHoCH CHoCH,proximal,1.4818,1.4808,1.4806,1.4873,,5.5,,sl,1.4818,0.0,-1.0,-1.0,0.0,True,,3.583,-0.0,5,-1,-1,2,premium,0.0,False,5.0,3.0,0.0,0.0,2.0,0.0,"structure,freshness",False,h1_only,2008-01-14T04:00:00+00:00,CHoCH,CHoCH,holding,False,none,False,0,3.16,2.78,1.85,solid,0.384,,1.63,0.002086,False,,,,,False,6,bearish,against_trend,2008-01-14T05:00:00+00:00,1,2008-01-14T05:00:00+00:00,LONG,counter,76.4,False,0,no_fvg,Asia,NY,False,True,Fill only,True,"London Open: 02:00-05:00 America/New_York, New York (forex): 07:00-10:00 America/New_York, London Close: 10:00-12:00 America/New_York"
A0908,EURUSD,2008-01-16T12:00:00+00:00,2008-01-16T13:00:00+00:00,2008-01-16T14:00:00+00:00,London,bearish,CHoCH CHoCH,proximal,1.4827,1.486,1.4862,1.477,,1.73,,tp1,1.477,1.629,1.73,5.8,407.25,True,,4.343,-0.171,1,1,-1,10,discount,1.0,True,7.0,4.0,0.0,1.0,2.0,0.0,"structure,fvg,freshness",False,h1_only,2008-01-16T02:00:00+00:00,CHoCH,CHoCH,holding,True,partial,False,0,2.08,1.52,1.01,marginal,1.24,0.88,0.68,0.0025,False,,,,,False,12,bullish,against_trend,2008-01-16T11:00:00+00:00,1,2008-01-16T08:00:00+00:00,SHORT,counter,35.6,False,0,fresh,Asia,NY,False,True,Fill only,False,"London Open: 02:00-05:00 America/New_York, New York (forex): 07:00-10:00 America/New_York, London Close: 10:00-12:00 America/New_York"
A0909,EURUSD,2008-01-16T15:00:00+00:00,,,NY,bearish,CHoCH CHoCH,proximal,1.4777,1.4818,1.482,1.4708,,1.68,,never_filled,,0.0,0.0,0.0,0.0,False,never_filled,0.0,0.0,0,-1,-1,3,discount,1.0,True,6.0,4.0,0.0,0.0,1.0,1.0,"structure,freshness",False,h1_only,2008-01-16T12:00:00+00:00,CHoCH,CHoCH,holding,False,none,False,1,1.54,3.44,2.29,solid,1.09,,0.475,0.003579,False,,,,,False,15,bullish,against_trend,2008-01-16T14:00:00+00:00,1,2008-01-16T13:00:00+00:00,SHORT,counter,41.5,False,0,no_fvg,London,NY,True,False,never_filled,False,"London Open: 02:00-05:00 America/New_York, New York (forex): 07:00-10:00 America/New_York, London Close: 10:00-12:00 America/New_York"
A0910,EURUSD,2008-01-17T08:00:00+00:00,2008-01-17T10:00:00+00:00,2008-01-17T11:00:00+00:00,London,bearish,BOS BOS,proximal,1.4641,1.468,1.4682,1.4593,,1.23,,sl,1.4682,-1.0,-1.0,-1.0,-250.0,True,,0.707,-0.683,1,-1,-1,3,discount,0.0,,5.0,3.0,0.0,0.0,2.0,0.0,"structure,freshness",False,h1_only,2008-01-17T05:00:00+00:00,BOS,BOS,holding,False,none,False,0,1.12,1.33,1.33,marginal,1.542,,1.833,0.0024,False,,,,,False,8,bearish,with_trend,2008-01-17T07:00:00+00:00,1,2008-01-17T07:00:00+00:00,SHORT,counter,14.6,False,2,no_fvg,Asia,London,False,False,Neither,False,"London Open: 02:00-05:00 America/New_York, New York (forex): 07:00-10:00 America/New_York, London Close: 10:00-12:00 America/New_York"
A0911,EURUSD,2008-01-17T12:00:00+00:00,2008-01-18T01:00:00+00:00,2008-01-18T07:00:00+00:00,London,bullish,BOS BOS,proximal,1.4619,1.46,1.4598,1.4678,,3.11,,sl,1.4619,0.0,3.11,0.0,0.0,True,,1.81,-0.476,6,11,-1,3,discount,0.0,,8.0,3.0,0.0,2.0,2.0,1.0,"structure,fvg,freshness",False,h1_only,2008-01-17T09:00:00+00:00,BOS,BOS,holding,True,pristine,False,0,0.48,1.43,1.43,marginal,0.579,0.886,1.26,0.002936,False,,,,,False,12,bullish,with_trend,2008-01-17T11:00:00+00:00,1,2008-01-17T11:00:00+00:00,LONG,aligned,9.0,False,1,fresh,London,Asia,True,False,OB only,False,"London Open: 02:00-05:00 America/New_York, New York (forex): 07:00-10:00 America/New_York, London Close: 10:00-12:00 America/New_York"
A0912,EURUSD,2008-01-17T15:00:00+00:00,,,NY,bearish,Confirmation BOS,proximal,1.4786,1.4835,1.4837,1.4708,,1.59,,never_filled,,0.0,0.0,0.0,0.0,False,never_filled,0.0,0.0,0,-1,-1,26,premium,0.0,,9.0,4.0,0.0,2.0,2.0,1.0,"structure,fvg,freshness",False,h1_only,2008-01-16T13:00:00+00:00,BOS,Confirm,holding,True,pristine,False,0,3.33,4.88,4.88,strong,1.864,3.926,4.442,0.002521,False,,,,,False,15,bullish,against_trend,2008-01-17T14:00:00+00:00,1,2008-01-16T14:00:00+00:00,SHORT,aligned,58.8,False,1,fresh,NY,NY,True,False,never_filled,False,"London Open: 02:00-05:00 America/New_York, New York (forex): 07:00-10:00 America/New_York, London Close: 10:00-12:00 America/New_York"
A0913,EURUSD,2008-01-21T04:00:00+00:00,2008-01-22T14:00:00+00:00,2008-01-22T14:00:00+00:00,Asia,bearish,CHoCH CHoCH,proximal,1.4602,1.4623,1.4625,1.4531,,3.38,,sl,1.4625,-1.0,-1.0,-1.0,-250.0,True,,0.0,-0.0,0,-1,-1,7,discount,1.0,True,8.0,4.0,0.0,2.0,2.0,0.0,"structure,fvg,freshness",False,h1_only,2008-01-18T20:00:00+00:00,CHoCH,CHoCH,holding,True,pristine,False,0,2.05,1.54,1.02,marginal,0.695,0.804,0.695,0.002736,False,,,,,False,4,bullish,against_trend,2008-01-21T03:00:00+00:00,1,2008-01-20T23:00:00+00:00,SHORT,counter,43.8,False,0,fresh,NY,NY,False,True,Fill only,True,"London Open: 02:00-05:00 America/New_York, New York (forex): 07:00-10:00 America/New_York, London Close: 10:00-12:00 America/New_York"
A0914,EURUSD,2008-01-23T13:00:00+00:00,,,NY,bullish,BOS BOS,proximal,1.4435,1.4377,1.4375,1.4559,1.4645,2.14,3.62,never_filled,,0.0,0.0,0.0,0.0,False,never_filled,0.0,0.0,0,-1,-1,31,discount,0.0,,7.0,3.0,0.0,2.0,2.0,0.0,"structure,fvg,freshness",False,h1_only,2008-01-22T06:00:00+00:00,BOS,BOS,holding,True,pristine,False,0,1.43,1.3,1.3,marginal,1.738,0.31,4.874,0.003221,False,,,,,False,13,bullish,with_trend,2008-01-23T12:00:00+00:00,1,2008-01-22T11:00:00+00:00,LONG,aligned,22.0,False,1,fresh,Asia,NY,False,False,never_filled,False,"London Open: 02:00-05:00 America/New_York, New York (forex): 07:00-10:00 America/New_York, London Close: 10:00-12:00 America/New_York"
A0915,EURUSD,2008-01-23T13:00:00+00:00,2008-01-23T13:00:00+00:00,2008-01-23T14:00:00+00:00,NY,bearish,CHoCH CHoCH,proximal,1.454,1.4581,1.4583,1.4456,,2.05,,sl,1.4583,-1.0,-1.0,-1.0,-250.0,True,,0.558,-0.86,1,-1,-1,3,premium,1.0,True,5.0,4.0,0.0,0.0,1.0,0.0,"structure,freshness",False,h1_only,2008-01-23T10:00:00+00:00,CHoCH,CHoCH,holding,False,none,False,1,1.1,1.77,1.18,marginal,1.187,,0.609,0.003286,False,,,,,False,13,bullish,against_trend,2008-01-23T12:00:00+00:00,1,2008-01-23T11:00:00+00:00,SHORT,aligned,55.0,False,0,no_fvg,London,NY,False,True,Fill only,False,"London Open: 02:00-05:00 America/New_York, New York (forex): 07:00-10:00 America/New_York, London Close: 10:00-12:00 America/New_York"
A0916,EURUSD,2008-01-23T15:00:00+00:00,2008-01-23T15:00:00+00:00,2008-01-23T18:00:00+00:00,NY,bearish,CHoCH CHoCH,proximal,1.4564,1.459,1.4592,1.4456,,4.15,,sl,1.4592,-1.0,-1.0,-1.0,-250.0,True,,0.536,-0.607,3,-1,-1,4,discount,1.0,True,5.0,4.0,0.0,0.0,1.0,0.0,"structure,freshness",False,h1_only,2008-01-23T11:00:00+00:00,CHoCH,CHoCH,holding,False,none,False,1,2.52,1.57,1.05,marginal,0.65,,0.542,0.003693,False,,,,,False,15,bullish,against_trend,2008-01-23T14:00:00+00:00,1,2008-01-23T12:00:00+00:00,SHORT,counter,31.2,False,0,no_fvg,London,NY,False,True,Fill only,False,"London Open: 02:00-05:00 America/New_York, New York (forex): 07:00-10:00 America/New_York, London Close: 10:00-12:00 America/New_York"
A0917,EURUSD,2008-01-23T16:00:00+00:00,2008-01-23T16:00:00+00:00,2008-01-23T19:00:00+00:00,NY,bearish,BOS BOS,proximal,1.4575,1.4624,1.4626,1.4456,,2.43,,sl,1.4626,-1.0,-1.0,-1.0,-250.0,True,,0.51,-0.471,3,-1,-1,9,discount,0.0,,5.0,3.0,0.0,0.0,1.0,1.0,"structure,freshness",False,h1_only,2008-01-23T07:00:00+00:00,BOS,BOS,holding,False,none,False,1,1.49,1.1,1.1,marginal,1.232,,0.865,0.003814,False,,,,,False,16,bearish,with_trend,2008-01-23T15:00:00+00:00,1,2008-01-23T09:00:00+00:00,SHORT,counter,37.6,False,3,no_fvg,London,NY,True,True,Both,False,"London Open: 02:00-05:00 America/New_York, New York (forex): 07:00-10:00 America/New_York, London Close: 10:00-12:00 America/New_York"
A0918,EURUSD,2008-01-24T04:00:00+00:00,2008-01-24T08:00:00+00:00,2008-01-24T10:00:00+00:00,Asia,bearish,CHoCH CHoCH,proximal,1.4631,1.4647,1.4648999999999999,1.4602,,1.81,,sl,1.4631,0.0,-1.0,-1.0,0.0,True,,1.056,-0.722,2,-1,-1,23,premium,1.0,True,5.0,4.0,0.0,0.0,1.0,0.0,"structure,freshness",False,h1_only,2008-01-23T05:00:00+00:00,CHoCH,CHoCH,holding,False,full,False,1,2.73,2.01,1.34,marginal,0.671,,0.959,0.002086,False,,,,,False,4,bullish,against_trend,2008-01-24T03:00:00+00:00,1,2008-01-23T09:00:00+00:00,SHORT,aligned,69.9,False,0,stale,Asia,London,False,True,Fill only,True,"London Open: 02:00-05:00 America/New_York, New York (forex): 07:00-10:00 America/New_York, London Close: 10:00-12:00 America/New_York"
A0919,EURUSD,2008-01-24T14:00:00+00:00,2008-01-25T13:00:00+00:00,2008-01-25T15:00:00+00:00,NY,bullish,BOS BOS,proximal,1.4688,1.4658,1.4656,1.4741,,1.77,,sl,1.4688,0.0,1.77,2.406,0.0,True,,1.031,-0.125,2,22,-1,3,premium,0.0,,4.0,3.0,0.0,0.0,1.0,0.0,"structure,freshness",False,h1_only,2008-01-24T11:00:00+00:00,BOS,BOS,holding,False,none,False,1,1.73,1.24,1.24,marginal,1.244,,1.733,0.00225,False,,,,,False,14,bullish,with_trend,2008-01-24T13:00:00+00:00,1,2008-01-24T12:00:00+00:00,LONG,counter,83.6,False,1,no_fvg,London,NY,False,True,Fill only,False,"London Open: 02:00-05:00 America/New_York, New York (forex): 07:00-10:00 America/New_York, London Close: 10:00-12:00 America/New_York"
A0920,EURUSD,2008-01-28T14:00:00+00:00,,,NY,bullish,BOS BOS,proximal,1.4727,1.4713,1.4711,1.4748,1.4761,1.5,2.43,never_filled,,0.0,0.0,0.0,0.0,False,never_filled,0.0,0.0,0,-1,-1,3,premium,0.0,,7.0,3.0,0.0,2.0,2.0,0.0,"structure,fvg,freshness",False,h1_only,2008-01-28T11:00:00+00:00,BOS,BOS,holding,True,pristine,False,0,1.21,1.85,1.85,solid,0.483,0.322,1.851,0.002486,False,,,,,False,14,bullish,with_trend,2008-01-28T13:00:00+00:00,1,2008-01-28T12:00:00+00:00,LONG,counter,50.4,False,2,fresh,London,NY,False,False,never_filled,False,"London Open: 02:00-05:00 America/New_York, New York (forex): 07:00-10:00 America/New_York, London Close: 10:00-12:00 America/New_York"
A0921,EURUSD,2008-01-29T08:00:00+00:00,,,London,bullish,BOS BOS,proximal,1.4723,1.469,1.4688,1.4777,,1.64,,never_filled,,0.0,0.0,0.0,0.0,False,never_filled,0.0,0.0,0,-1,-1,24,discount,0.0,,5.0,3.0,0.0,0.0,1.0,1.0,"structure,freshness",False,h1_only,2008-01-28T08:00:00+00:00,BOS,BOS,holding,False,none,False,1,0.45,1.16,1.16,marginal,2.0,,3.032,0.00155,False,,,,,False,8,bullish,with_trend,2008-01-29T07:00:00+00:00,1,2008-01-28T09:00:00+00:00,LONG,aligned,45.7,False,2,no_fvg,London,London,True,False,never_filled,False,"London Open: 02:00-05:00 America/New_York, New York (forex): 07:00-10:00 America/New_York, London Close: 10:00-12:00 America/New_York"
A0922,EURUSD,2008-01-30T11:00:00+00:00,2008-01-30T12:00:00+00:00,2008-01-30T18:00:00+00:00,London,bullish,BOS BOS,proximal,1.4783,1.4764,1.4762,1.4812,1.4819,1.53,1.89,tp1,1.4812,1.381,1.53,1.89,345.25,True,,5.429,-0.905,6,6,6,5,premium,0.0,,8.0,3.0,1.0,2.0,2.0,0.0,"structure,sweep,fvg,freshness",False,h1_only,2008-01-30T06:00:00+00:00,BOS,BOS,holding,True,pristine,True,0,2.17,1.78,1.78,solid,1.315,1.16,1.392,0.001293,False,,,,,False,11,bullish,with_trend,2008-01-30T10:00:00+00:00,1,2008-01-30T09:00:00+00:00,LONG,counter,57.5,False,3,fresh,Asia,London,False,True,Fill only,True,"London Open: 02:00-05:00 America/New_York, New York (forex): 07:00-10:00 America/New_York, London Close: 10:00-12:00 America/New_York"
A0923,EURUSD,2008-02-04T05:00:00+00:00,2008-02-04T05:00:00+00:00,2008-02-05T08:00:00+00:00,Asia,bearish,CHoCH CHoCH,proximal,1.482,1.4856,1.4858,1.4764,,1.56,,tp1,1.4764,1.474,1.56,5.105,368.5,True,,3.105,-0.711,27,27,-1,13,discount,1.0,True,5.0,4.0,0.0,0.0,0.0,1.0,structure,False,h1_only,2008-02-01T15:00:00+00:00,CHoCH,CHoCH,holding,False,none,False,2,2.09,1.88,1.26,marginal,1.731,,1.833,0.001964,False,,,,,False,5,bullish,against_trend,2008-02-04T04:00:00+00:00,1,2008-02-01T16:00:00+00:00,SHORT,counter,12.8,False,0,no_fvg,NY,Asia,True,False,OB only,True,"London Open: 02:00-05:00 America/New_York, New York (forex): 07:00-10:00 America/New_York, London Close: 10:00-12:00 America/New_York"
A0924,EURUSD,2008-02-04T07:00:00+00:00,,,London,bearish,CHoCH CHoCH,proximal,1.4872,1.4908,1.4909999999999999,1.4818,,1.5,,never_filled,,0.0,0.0,0.0,0.0,False,never_filled,0.0,0.0,0,-1,-1,20,discount,1.0,True,7.0,4.0,0.0,1.0,2.0,0.0,"structure,fvg,freshness",False,h1_only,2008-02-01T10:00:00+00:00,CHoCH,CHoCH,holding,True,partial,False,0,1.76,1.53,1.02,marginal,2.0,2.294,2.118,0.0017,False,,,,,False,7,bullish,against_trend,2008-02-04T06:00:00+00:00,1,2008-02-01T14:00:00+00:00,SHORT,counter,48.0,False,0,fresh,London,London,False,False,never_filled,False,"London Open: 02:00-05:00 America/New_York, New York (forex): 07:00-10:00 America/New_York, London Close: 10:00-12:00 America/New_York"
A0925,EURUSD,2008-02-04T07:00:00+00:00,,,London,bearish,CHoCH CHoCH,proximal,1.4872,1.4885,1.4887,1.4852,,1.54,,never_filled,,0.0,0.0,0.0,0.0,False,never_filled,0.0,0.0,0,-1,-1,21,discount,1.0,True,8.0,4.0,0.0,1.0,2.0,1.0,"structure,fvg,freshness",False,h1_only,2008-02-01T09:00:00+00:00,CHoCH,CHoCH,holding,True,partial,False,0,1.8,1.56,1.04,marginal,0.661,2.343,2.163,0.001664,False,,,,,False,7,bullish,against_trend,2008-02-04T06:00:00+00:00,1,2008-02-01T14:00:00+00:00,SHORT,counter,48.0,False,0,fresh,London,London,True,False,never_filled,False,"London Open: 02:00-05:00 America/New_York, New York (forex): 07:00-10:00 America/New_York, London Close: 10:00-12:00 America/New_York"
A0926,EURUSD,2008-02-05T08:00:00+00:00,,,London,bearish,Confirmation BOS,proximal,1.481,1.4819,1.4821,1.4792,,2.0,,never_filled,,0.0,0.0,0.0,0.0,False,never_filled,0.0,0.0,0,-1,-1,7,discount,0.0,,8.0,4.0,0.0,2.0,2.0,0.0,"structure,fvg,freshness",False,h1_only,2008-02-05T01:00:00+00:00,BOS,Confirm,holding,True,pristine,False,0,1.68,3.1,3.1,strong,0.587,0.251,8.551,0.001193,False,,,,,False,8,bearish,with_trend,2008-02-05T07:00:00+00:00,1,2008-02-05T07:00:00+00:00,SHORT,counter,24.5,False,1,fresh,Asia,London,False,False,never_filled,False,"London Open: 02:00-05:00 America/New_York, New York (forex): 07:00-10:00 America/New_York, London Close: 10:00-12:00 America/New_York"
A0927,EURUSD,2008-02-06T05:00:00+00:00,2008-02-06T06:00:00+00:00,2008-02-06T16:00:00+00:00,Asia,bullish,BOS BOS,proximal,1.4621,1.4589,1.4587,1.4678,1.4683,1.78,1.94,sl,1.4621,0.0,-1.0,-1.0,0.0,True,,1.441,-0.882,10,-1,-1,213,discount,0.0,,4.0,3.0,0.0,0.0,1.0,0.0,"structure,freshness",False,h1_only,2008-01-24T06:00:00+00:00,BOS,BOS,holding,False,full,False,1,1.55,1.03,1.03,marginal,1.935,,2.516,0.00155,False,,,,,False,5,bearish,against_trend,2008-02-06T04:00:00+00:00,1,2008-01-24T11:00:00+00:00,LONG,aligned,0.0,False,1,stale,Asia,Asia,False,False,Neither,True,"London Open: 02:00-05:00 America/New_York, New York (forex): 07:00-10:00 America/New_York, London Close: 10:00-12:00 America/New_York"
A0928,EURUSD,2008-02-07T12:00:00+00:00,,,London,bearish,BOS BOS,proximal,1.4612,1.4653,1.4655,1.4549,,1.54,,never_filled,,0.0,0.0,0.0,0.0,False,never_filled,0.0,0.0,0,-1,-1,4,premium,0.0,,7.0,3.0,1.0,0.0,2.0,1.0,"structure,sweep,freshness",False,h1_only,2008-02-07T08:00:00+00:00,BOS,BOS,holding,False,none,True,0,1.71,2.81,2.81,strong,1.712,,2.765,0.002279,False,,,,,False,12,bearish,with_trend,2008-02-07T11:00:00+00:00,1,2008-02-07T11:00:00+00:00,SHORT,aligned,61.8,False,2,no_fvg,London,London,True,False,never_filled,False,"London Open: 02:00-05:00 America/New_York, New York (forex): 07:00-10:00 America/New_York, London Close: 10:00-12:00 America/New_York"
A0929,EURUSD,2008-02-08T18:00:00+00:00,2008-02-12T13:00:00+00:00,2008-02-13T06:00:00+00:00,NY,bearish,BOS BOS,proximal,1.4597,1.4624,1.4626,1.4549,,1.78,,tp1,1.4549,1.655,1.78,0.0,413.75,True,,1.931,-0.586,17,17,-1,35,premium,0.0,,9.0,3.0,1.0,2.0,2.0,1.0,"structure,sweep,fvg,freshness",False,h1_only,2008-02-07T07:00:00+00:00,BOS,BOS,holding,True,pristine,True,0,2.11,3.46,3.46,strong,1.351,2.054,3.405,0.00185,False,,,,,False,18,bearish,with_trend,2008-02-08T17:00:00+00:00,1,2008-02-07T11:00:00+00:00,SHORT,aligned,74.6,False,2,fresh,London,NY,True,True,Both,True,"London Open: 02:00-05:00 America/New_York, New York (forex): 07:00-10:00 America/New_York, London Close: 10:00-12:00 America/New_York"
A0930,EURUSD,2008-02-12T06:00:00+00:00,2008-02-12T07:00:00+00:00,2008-02-12T07:00:00+00:00,Asia,bullish,Confirmation BOS,proximal,1.4518,1.4507,1.4505000000000001,1.4546,,2.55,,sl,1.4505000000000001,-1.0,-1.0,-1.0,-250.0,True,,0.0,-0.0,0,-1,-1,4,discount,0.0,,9.0,4.0,1.0,2.0,2.0,0.0,"structure,sweep,fvg,freshness",False,h1_only,2008-02-12T02:00:00+00:00,BOS,Confirm,holding,True,pristine,True,0,1.13,1.46,1.46,marginal,0.597,0.332,3.052,0.001507,False,,,,,False,6,bullish,with_trend,2008-02-12T05:00:00+00:00,1,2008-02-12T05:00:00+00:00,LONG,aligned,38.9,False,1,fresh,Asia,London,False,True,Fill only,True,"London Open: 02:00-05:00 America/New_York, New York (forex): 07:00-10:00 America/New_York, London Close: 10:00-12:00 America/New_York"
A0931,EURUSD,2008-02-13T07:00:00+00:00,2008-02-13T08:00:00+00:00,2008-02-13T09:00:00+00:00,London,bearish,CHoCH CHoCH,proximal,1.4568,1.4586,1.4587999999999999,1.451,1.4496,3.22,4.0,sl,1.4587999999999999,-1.0,-1.0,-1.0,-250.0,True,,0.8,-0.15,1,-1,-1,6,premium,1.0,True,6.0,4.0,0.0,0.0,2.0,0.0,"structure,freshness",False,h1_only,2008-02-13T01:00:00+00:00,CHoCH,CHoCH,holding,False,none,False,0,2.01,1.54,1.03,marginal,1.072,,1.407,0.001493,False,,,,,False,7,bullish,against_trend,2008-02-13T06:00:00+00:00,1,2008-02-13T06:00:00+00:00,SHORT,aligned,65.4,False,0,no_fvg,Asia,London,False,True,Fill only,False,"London Open: 02:00-05:00 America/New_York, New York (forex): 07:00-10:00 America/New_York, London Close: 10:00-12:00 America/New_York"
A0932,EURUSD,2008-02-13T14:00:00+00:00,2008-02-13T14:00:00+00:00,2008-02-13T15:00:00+00:00,NY,bearish,CHoCH CHoCH,proximal,1.4552,1.4573,1.4575,1.451,1.4496,2.0,2.67,sl,1.4575,-1.0,-1.0,-1.0,-250.0,True,,0.826,-0.652,1,-1,-1,6,discount,1.0,True,7.0,4.0,0.0,0.0,2.0,1.0,"structure,freshness",False,h1_only,2008-02-13T08:00:00+00:00,CHoCH,CHoCH,holding,False,none,False,0,1.6,1.65,1.1,marginal,0.95,,1.05,0.002,False,,,,,False,14,bullish,against_trend,2008-02-13T13:00:00+00:00,1,2008-02-13T13:00:00+00:00,SHORT,counter,20.5,False,0,no_fvg,London,NY,True,True,Both,False,"London Open: 02:00-05:00 America/New_York, New York (forex): 07:00-10:00 America/New_York, London Close: 10:00-12:00 America/New_York"
A0933,EURUSD,2008-02-14T08:00:00+00:00,,,London,bullish,BOS BOS,proximal,1.4571,1.4562,1.456,1.4586,1.4596,1.67,2.78,never_filled,,0.0,0.0,0.0,0.0,False,never_filled,0.0,0.0,0,-1,-1,4,discount,0.0,,7.0,3.0,0.0,2.0,2.0,0.0,"structure,fvg,freshness",False,h1_only,2008-02-14T04:00:00+00:00,BOS,BOS,holding,True,pristine,False,0,2.12,1.33,1.33,marginal,0.464,1.924,3.185,0.001507,False,,,,,False,8,bullish,with_trend,2008-02-14T07:00:00+00:00,1,2008-02-14T07:00:00+00:00,LONG,aligned,39.6,False,1,fresh,Asia,London,False,False,never_filled,False,"London Open: 02:00-05:00 America/New_York, New York (forex): 07:00-10:00 America/New_York, London Close: 10:00-12:00 America/New_York"
A0934,GOLD,2008-01-08T07:00:00+00:00,,,London,bullish,BOS BOS,proximal,857.8,856.5,856.495,861.0,864.7,2.46,5.31,never_filled,,0.0,0.0,0.0,0.0,False,never_filled,0.0,0.0,0,-1,-1,9,discount,0.0,,4.0,3.0,0.0,0.0,1.0,0.0,"structure,freshness",False,h1_only,2008-01-07T21:00:00+00:00,BOS,BOS,holding,False,none,False,0,0.89,1.67,1.67,solid,0.418,,4.127,1.914286,False,,,,,False,7,bullish,with_trend,2008-01-08T06:00:00+00:00,1,2008-01-08T06:00:00+00:00,LONG,aligned,32.2,False,1,no_fvg,Other,London,False,False,never_filled,False,"London Open: 02:00-05:00 America/New_York, New York (forex): 07:00-10:00 America/New_York, London Close: 10:00-12:00 America/New_York"
A0935,GOLD,2008-01-10T12:00:00+00:00,2008-01-10T12:00:00+00:00,2008-01-10T13:00:00+00:00,London,bearish,Confirmation BOS,proximal,873.8,877.4,877.405,860.4,856.8,3.72,4.72,sl,877.405,-1.0,-1.0,-1.0,-250.0,True,,2.219,-0.166,1,-1,-1,2,discount,0.0,,5.0,4.0,0.0,0.0,1.0,0.0,"structure,freshness",False,h1_only,2008-01-10T10:00:00+00:00,BOS,Confirm,holding,False,none,False,0,2.09,2.88,2.88,strong,0.877,,3.875,3.535714,False,,,,,False,12,bearish,with_trend,2008-01-10T11:00:00+00:00,1,2008-01-10T11:00:00+00:00,SHORT,counter,42.5,False,1,no_fvg,London,London,False,True,Fill only,False,"London Open: 02:00-05:00 America/New_York, New York (forex): 07:00-10:00 America/New_York, London Close: 10:00-12:00 America/New_York"
A0936,GOLD,2008-01-10T17:00:00+00:00,,,NY,bullish,BOS BOS,proximal,885.6,880.1,880.095,894.8,,1.67,,never_filled,,0.0,0.0,0.0,0.0,False,never_filled,0.0,0.0,0,-1,-1,3,premium,0.0,,5.0,3.0,0.0,0.0,1.0,1.0,"structure,freshness",False,h1_only,2008-01-10T14:00:00+00:00,BOS,BOS,holding,False,none,False,0,1.18,1.14,1.14,marginal,0.877,,1.754,5.7,False,,,,,False,17,bullish,with_trend,2008-01-10T16:00:00+00:00,1,2008-01-10T16:00:00+00:00,LONG,counter,68.3,False,1,no_fvg,NY,NY,True,False,never_filled,True,"London Open: 02:00-05:00 America/New_York, New York (forex): 07:00-10:00 America/New_York, London Close: 10:00-12:00 America/New_York"
A0937,GOLD,2008-01-14T05:00:00+00:00,2008-01-15T16:00:00+00:00,2008-01-15T17:00:00+00:00,Asia,bullish,CHoCH CHoCH,proximal,894.7,888.6,888.595,897.8,,0.51,,tp1,897.8,0.508,0.51,0.0,127.0,True,,1.425,-0.262,1,1,-1,14,premium,0.0,False,5.2,3.0,1.22,0.0,0.0,1.0,"structure,sweep",False,h1_only,2008-01-11T13:00:00+00:00,CHoCH,CHoCH,holding,False,none,True,2,1.03,2.2,1.47,marginal,1.926,,1.754,2.907143,False,,,,,False,5,bearish,against_trend,2008-01-14T04:00:00+00:00,1,2008-01-11T14:00:00+00:00,LONG,counter,89.5,False,0,no_fvg,NY,NY,True,True,Both,True,"London Open: 02:00-05:00 America/New_York, New York (forex): 07:00-10:00 America/New_York, London Close: 10:00-12:00 America/New_York"
A0938,GOLD,2008-01-14T15:00:00+00:00,2008-01-15T16:00:00+00:00,2008-01-15T19:00:00+00:00,NY,bullish,BOS BOS,proximal,897.0,890.5,890.495,914.0,,2.62,,sl,890.495,-1.0,-1.0,-1.0,-250.0,True,,0.984,-0.6,3,-1,-1,14,premium,0.0,,6.0,3.0,0.0,2.0,1.0,0.0,"structure,fvg,freshness",False,h1_only,2008-01-14T01:00:00+00:00,BOS,BOS,holding,True,pristine,False,0,0.49,1.22,1.22,marginal,1.335,0.913,1.914,4.492857,False,,,,,False,15,bullish,with_trend,2008-01-14T14:00:00+00:00,1,2008-01-14T05:00:00+00:00,LONG,counter,64.7,False,3,fresh,Asia,NY,False,True,Fill only,False,"London Open: 02:00-05:00 America/New_York, New York (forex): 07:00-10:00 America/New_York, London Close: 10:00-12:00 America/New_York"
A0939,GOLD,2008-01-15T17:00:00+00:00,2008-01-15T19:00:00+00:00,2008-01-15T20:00:00+00:00,NY,bullish,CHoCH CHoCH,proximal,892.9,887.9,887.895,909.6,,3.34,,sl,887.895,-1.0,-1.0,-1.0,-250.0,True,,0.48,-0.5,1,-1,-1,52,premium,0.0,False,4.5,3.0,1.0,0.0,0.5,0.0,"structure,sweep,freshness",False,h1_only,2008-01-11T10:00:00+00:00,CHoCH,CHoCH,holding,False,none,True,1,1.12,2.39,1.59,solid,1.68,,1.904,2.678571,False,,,,,False,17,bullish,with_trend,2008-01-15T16:00:00+00:00,1,2008-01-11T14:00:00+00:00,LONG,counter,56.2,False,0,no_fvg,London,NY,False,False,Neither,True,"London Open: 02:00-05:00 America/New_York, New York (forex): 07:00-10:00 America/New_York, London Close: 10:00-12:00 America/New_York"
A0940,GOLD,2008-01-16T04:00:00+00:00,2008-01-16T13:00:00+00:00,2008-01-16T14:00:00+00:00,Asia,bearish,CHoCH CHoCH,proximal,896.4,899.8,899.805,889.5,,2.03,,tp1,889.5,2.026,2.03,4.728,506.5,True,,6.461,-0.176,1,1,-1,2,discount,1.0,True,5.0,4.0,0.0,0.0,1.0,0.0,"structure,freshness",False,h1_only,2008-01-16T02:00:00+00:00,CHoCH,CHoCH,holding,False,none,False,0,2.68,1.94,1.29,marginal,0.511,,0.792,5.678571,False,,,,,False,4,bullish,against_trend,2008-01-16T03:00:00+00:00,1,2008-01-16T03:00:00+00:00,SHORT,counter,35.1,False,0,no_fvg,Asia,NY,False,True,Fill only,True,"London Open: 02:00-05:00 America/New_York, New York (forex): 07:00-10:00 America/New_York, London Close: 10:00-12:00 America/New_York"
A0941,GOLD,2008-01-17T06:00:00+00:00,2008-01-17T12:00:00+00:00,2008-01-17T15:00:00+00:00,Asia,bearish,BOS BOS,proximal,888.5,892.1,892.105,881.3,877.7,2.0,3.0,tp1,881.3,1.997,2.0,3.0,499.25,True,,2.829,-0.416,3,3,4,24,discount,0.0,,3.5,3.0,0.0,0.0,0.5,0.0,"structure,freshness",False,h1_only,2008-01-16T05:00:00+00:00,BOS,BOS,holding,False,full,False,1,0.66,1.42,1.42,marginal,0.76,,5.541,4.078571,False,,,,,False,6,bearish,with_trend,2008-01-17T05:00:00+00:00,1,2008-01-16T06:00:00+00:00,SHORT,counter,35.9,False,2,stale,Asia,London,False,True,Fill only,True,"London Open: 02:00-05:00 America/New_York, New York (forex): 07:00-10:00 America/New_York, London Close: 10:00-12:00 America/New_York"
A0942,GOLD,2008-01-18T14:00:00+00:00,2008-01-21T07:00:00+00:00,2008-01-21T10:00:00+00:00,NY,bullish,BOS BOS,proximal,875.2,869.9,869.895,883.8,,1.62,,sl,869.895,-1.0,-1.0,-1.0,-250.0,True,,0.207,-0.697,3,-1,-1,5,discount,0.0,,6.0,3.0,0.0,1.0,1.0,1.0,"structure,fvg,freshness",False,h1_only,2008-01-18T09:00:00+00:00,BOS,BOS,holding,True,partial,False,0,0.61,1.2,1.2,marginal,1.131,1.131,0.33,4.242857,False,,,,,False,14,bullish,with_trend,2008-01-18T13:00:00+00:00,1,2008-01-18T11:00:00+00:00,LONG,aligned,29.5,False,2,fresh,London,London,True,True,Both,False,"London Open: 02:00-05:00 America/New_York, New York (forex): 07:00-10:00 America/New_York, London Close: 10:00-12:00 America/New_York"
A0943,GOLD,2008-01-21T11:00:00+00:00,2008-01-22T14:00:00+00:00,2008-01-22T14:00:00+00:00,London,bearish,BOS BOS,proximal,879.9,883.2,883.205,874.7,,1.58,,sl,883.205,-1.0,-1.0,-1.0,-250.0,True,,0.0,-0.0,0,-1,-1,8,premium,0.0,,6.0,3.0,0.0,2.0,1.0,0.0,"structure,fvg,freshness",False,h1_only,2008-01-21T03:00:00+00:00,BOS,BOS,holding,True,pristine,False,0,1.54,1.41,1.41,marginal,0.94,0.504,2.484,2.978571,False,,,,,False,11,bearish,with_trend,2008-01-21T10:00:00+00:00,1,2008-01-21T09:00:00+00:00,SHORT,aligned,59.4,False,1,fresh,Asia,NY,False,True,Fill only,True,"London Open: 02:00-05:00 America/New_York, New York (forex): 07:00-10:00 America/New_York, London Close: 10:00-12:00 America/New_York"
A0944,GOLD,2008-01-22T13:00:00+00:00,,,NY,bullish,BOS BOS,proximal,864.2,859.6,859.595,875.8,,2.52,,never_filled,,0.0,0.0,0.0,0.0,False,never_filled,0.0,0.0,0,-1,-1,4,discount,0.0,,5.0,3.0,0.0,0.0,1.0,1.0,"structure,freshness",False,h1_only,2008-01-22T09:00:00+00:00,BOS,BOS,holding,False,none,False,0,1.23,1.33,1.33,marginal,0.69,,2.389,5.942857,False,,,,,False,13,bullish,with_trend,2008-01-22T12:00:00+00:00,1,2008-01-22T12:00:00+00:00,LONG,aligned,37.9,False,2,no_fvg,London,NY,True,False,never_filled,False,"London Open: 02:00-05:00 America/New_York, New York (forex): 07:00-10:00 America/New_York, London Close: 10:00-12:00 America/New_York"
A0945,GOLD,2008-01-22T15:00:00+00:00,2008-01-24T13:00:00+00:00,2008-01-24T21:00:00+00:00,NY,bearish,BOS BOS,proximal,904.4,913.0,913.005,889.5,,1.73,,sl,913.005,-1.0,-1.0,-1.0,-250.0,True,,0.558,-0.999,8,-1,-1,116,premium,0.0,,7.0,3.0,0.0,2.0,1.0,1.0,"structure,fvg,freshness",False,h1_only,2008-01-15T13:00:00+00:00,BOS,BOS,holding,True,pristine,False,0,0.96,1.28,1.28,marginal,1.989,1.326,1.916,4.071429,False,,,,,False,15,bullish,against_trend,2008-01-22T14:00:00+00:00,1,2008-01-15T16:00:00+00:00,SHORT,aligned,171.3,False,1,fresh,NY,NY,True,True,Both,False,"London Open: 02:00-05:00 America/New_York, New York (forex): 07:00-10:00 America/New_York, London Close: 10:00-12:00 America/New_York"
A0946,GOLD,2008-01-24T12:00:00+00:00,2008-01-24T13:00:00+00:00,2008-01-24T13:00:00+00:00,London,bearish,CHoCH CHoCH,proximal,908.3,910.0,910.005,903.0,901.8,3.12,3.82,sl,910.005,-1.0,-1.0,-1.0,-250.0,True,,0.0,-0.0,0,-1,-1,167,premium,1.0,True,7.0,4.0,0.0,2.0,1.0,0.0,"structure,fvg,freshness",False,h1_only,2008-01-15T05:00:00+00:00,CHoCH,CHoCH,holding,True,pristine,False,0,1.71,1.74,1.16,marginal,0.402,1.809,1.507,2.985714,False,,,,,False,12,bearish,with_trend,2008-01-24T11:00:00+00:00,1,2008-01-15T16:00:00+00:00,SHORT,aligned,166.8,False,0,fresh,Asia,NY,False,True,Fill only,False,"London Open: 02:00-05:00 America/New_York, New York (forex): 07:00-10:00 America/New_York, London Close: 10:00-12:00 America/New_York"
A0947,GOLD,2008-01-24T14:00:00+00:00,,,NY,bullish,CHoCH CHoCH,proximal,894.5,891.5,891.495,909.6,,5.03,,never_filled,,0.0,0.0,0.0,0.0,False,never_filled,0.0,0.0,0,-1,-1,6,premium,1.0,True,7.0,4.0,0.0,1.0,1.0,1.0,"structure,fvg,freshness",False,h1_only,2008-01-24T08:00:00+00:00,CHoCH,CHoCH,holding,True,partial,False,0,2.07,1.9,1.27,marginal,0.7,1.008,0.84,3.571429,False,,,,,False,14,bearish,against_trend,2008-01-24T13:00:00+00:00,1,2008-01-24T12:00:00+00:00,LONG,counter,53.8,False,0,fresh,London,NY,True,False,never_filled,False,"London Open: 02:00-05:00 America/New_York, New York (forex): 07:00-10:00 America/New_York, London Close: 10:00-12:00 America/New_York"
A0948,GOLD,2008-01-25T05:00:00+00:00,2008-01-25T17:00:00+00:00,2008-01-25T18:00:00+00:00,Asia,bullish,Confirmation BOS,proximal,906.7,903.4,903.395,913.5,,2.06,,friday_flat,909.6,0.877,2.06,4.962,219.25,True,,1.271,-0.303,1,2,-1,12,premium,0.0,,7.0,4.0,0.0,1.0,1.0,1.0,"structure,fvg,freshness",False,h1_only,2008-01-24T16:00:00+00:00,BOS,Confirm,holding,True,partial,False,0,0.69,1.08,1.08,marginal,0.916,0.687,6.673,3.057143,False,,,,,False,5,bullish,with_trend,2008-01-25T04:00:00+00:00,1,2008-01-24T21:00:00+00:00,LONG,counter,81.8,False,1,fresh,NY,NY,True,False,OB only,True,"London Open: 02:00-05:00 America/New_York, New York (forex): 07:00-10:00 America/New_York, London Close: 10:00-12:00 America/New_York"
A0949,GOLD,2008-01-25T08:00:00+00:00,2008-01-25T12:00:00+00:00,2008-01-25T14:00:00+00:00,London,bullish,BOS BOS,proximal,914.6,912.0,911.995,922.5,,3.04,,sl,914.6,0.0,-1.0,-1.0,0.0,True,,2.495,-0.192,2,-1,-1,2,premium,0.0,,4.0,3.0,0.0,0.0,1.0,0.0,"structure,freshness",False,h1_only,2008-01-25T06:00:00+00:00,BOS,BOS,holding,False,none,False,0,1.93,1.93,1.93,solid,0.685,,1.86,3.064286,False,,,,,False,8,bullish,with_trend,2008-01-25T07:00:00+00:00,1,2008-01-25T07:00:00+00:00,LONG,counter,83.0,False,2,no_fvg,Asia,London,False,True,Fill only,False,"London Open: 02:00-05:00 America/New_York, New York (forex): 07:00-10:00 America/New_York, London Close: 10:00-12:00 America/New_York"
A0950,GOLD,2008-01-25T13:00:00+00:00,2008-01-25T15:00:00+00:00,2008-01-25T16:00:00+00:00,NY,bullish,Confirmation BOS,proximal,909.8,908.6,908.595,913.5,,3.08,,tp1,913.5,3.071,3.08,0.0,767.75,True,,4.149,-0.166,1,1,-1,10,premium,0.0,,7.0,4.0,0.0,2.0,1.0,0.0,"structure,fvg,freshness",False,h1_only,2008-01-25T03:00:00+00:00,BOS,Confirm,holding,True,pristine,False,0,0.86,1.64,1.64,solid,0.195,0.39,5.678,3.592857,False,,,,,False,13,bullish,with_trend,2008-01-25T12:00:00+00:00,1,2008-01-25T06:00:00+00:00,LONG,counter,71.4,False,1,fresh,Asia,NY,False,True,Fill only,False,"London Open: 02:00-05:00 America/New_York, New York (forex): 07:00-10:00 America/New_York, London Close: 10:00-12:00 America/New_York"
A0951,GOLD,2008-01-28T16:00:00+00:00,2008-01-29T06:00:00+00:00,2008-01-29T10:00:00+00:00,NY,bullish,BOS BOS,proximal,922.8,919.0,918.995,929.1,,1.66,,tp1,929.1,1.656,1.66,0.0,414.0,True,,2.654,-0.578,4,4,-1,2,premium,0.0,,5.0,3.0,0.0,0.0,1.0,1.0,"structure,freshness",False,h1_only,2008-01-28T14:00:00+00:00,BOS,BOS,holding,False,none,False,0,1.44,1.44,1.44,marginal,0.882,,1.71,3.742857,False,,,,,False,16,bullish,with_trend,2008-01-28T15:00:00+00:00,1,2008-01-28T15:00:00+00:00,LONG,counter,73.1,False,2,no_fvg,NY,Asia,True,False,OB only,False,"London Open: 02:00-05:00 America/New_York, New York (forex): 07:00-10:00 America/New_York, London Close: 10:00-12:00 America/New_York"
A0952,GOLD,2008-01-29T07:00:00+00:00,2008-01-29T09:00:00+00:00,2008-01-29T10:00:00+00:00,London,bearish,CHoCH CHoCH,proximal,926.6,928.7,928.705,915.0,,5.52,,sl,928.705,-1.0,-1.0,-1.0,-250.0,True,,0.713,-0.38,1,-1,-1,3,premium,1.0,True,5.0,4.0,0.0,0.0,1.0,0.0,"structure,freshness",False,h1_only,2008-01-29T04:00:00+00:00,CHoCH,CHoCH,holding,False,none,False,0,1.82,2.56,1.71,solid,0.661,,1.569,2.421429,False,,,,,False,7,bullish,against_trend,2008-01-29T06:00:00+00:00,1,2008-01-29T06:00:00+00:00,SHORT,aligned,88.2,False,0,no_fvg,Asia,London,False,True,Fill only,False,"London Open: 02:00-05:00 America/New_York, New York (forex): 07:00-10:00 America/New_York, London Close: 10:00-12:00 America/New_York"
A0953,GOLD,2008-01-30T05:00:00+00:00,2008-01-30T09:00:00+00:00,2008-01-30T18:00:00+00:00,Asia,bearish,CHoCH CHoCH,proximal,923.4,927.8,927.805,915.0,,1.91,,sl,923.4,0.0,-1.0,-1.0,0.0,True,,1.793,-0.613,9,-1,-1,13,discount,1.0,True,5.5,4.0,0.0,0.0,0.5,1.0,"structure,freshness",False,h1_only,2008-01-29T15:00:00+00:00,CHoCH,CHoCH,holding,False,none,False,1,1.08,1.56,1.04,marginal,1.238,,1.206,3.15,False,,,,,False,5,bullish,against_trend,2008-01-30T04:00:00+00:00,1,2008-01-29T16:00:00+00:00,SHORT,counter,30.7,False,0,no_fvg,NY,London,True,True,Both,True,"London Open: 02:00-05:00 America/New_York, New York (forex): 07:00-10:00 America/New_York, London Close: 10:00-12:00 America/New_York"
A0954,GOLD,2008-01-30T14:00:00+00:00,2008-01-30T18:00:00+00:00,2008-01-30T18:00:00+00:00,NY,bearish,Confirmation BOS,proximal,923.0,925.9,925.905,915.0,,2.76,,sl,925.905,-1.0,-1.0,-1.0,-250.0,True,,0.0,-0.0,0,-1,-1,3,premium,0.0,,7.0,4.0,0.0,2.0,1.0,0.0,"structure,fvg,freshness",False,h1_only,2008-01-30T11:00:00+00:00,BOS,Confirm,holding,True,pristine,False,0,0.58,1.22,1.22,marginal,0.864,0.504,3.347,2.778571,False,,,,,False,14,bearish,with_trend,2008-01-30T13:00:00+00:00,1,2008-01-30T13:00:00+00:00,SHORT,aligned,70.8,False,1,fresh,London,NY,False,False,Neither,False,"London Open: 02:00-05:00 America/New_York, New York (forex): 07:00-10:00 America/New_York, London Close: 10:00-12:00 America/New_York"
A0955,GOLD,2008-02-01T10:00:00+00:00,2008-02-01T13:00:00+00:00,2008-02-01T13:00:00+00:00,London,bullish,CHoCH CHoCH,proximal,926.0,924.6,924.595,928.2,,1.57,,sl,924.595,-1.0,-1.0,-1.0,-250.0,True,,0.0,-0.0,0,-1,-1,5,discount,1.0,True,7.0,4.0,0.0,2.0,1.0,0.0,"structure,fvg,freshness",False,h1_only,2008-02-01T05:00:00+00:00,CHoCH,CHoCH,holding,True,pristine,False,0,1.05,2.01,1.34,marginal,0.432,0.384,2.11,2.085714,False,,,,,False,10,bearish,against_trend,2008-02-01T09:00:00+00:00,1,2008-02-01T08:00:00+00:00,LONG,aligned,47.9,False,0,fresh,Asia,NY,False,True,Fill only,True,"London Open: 02:00-05:00 America/New_York, New York (forex): 07:00-10:00 America/New_York, London Close: 10:00-12:00 America/New_York"
A0956,GOLD,2008-02-01T15:00:00+00:00,,,NY,bearish,CHoCH CHoCH,proximal,932.7,937.0,937.005,925.3,920.6,1.72,2.81,never_filled,,0.0,0.0,0.0,0.0,False,never_filled,0.0,0.0,0,-1,-1,5,premium,1.0,True,7.0,4.0,0.0,2.0,1.0,0.0,"structure,fvg,freshness",False,h1_only,2008-02-01T10:00:00+00:00,CHoCH,CHoCH,holding,True,pristine,False,0,2.97,4.74,3.16,strong,0.807,0.319,1.041,4.707143,False,,,,,False,15,bullish,against_trend,2008-02-01T14:00:00+00:00,1,2008-02-01T14:00:00+00:00,SHORT,aligned,88.1,False,0,fresh,London,NY,False,False,never_filled,False,"London Open: 02:00-05:00 America/New_York, New York (forex): 07:00-10:00 America/New_York, London Close: 10:00-12:00 America/New_York"
A0957,GOLD,2008-02-04T09:00:00+00:00,,,London,bearish,Confirmation BOS,proximal,908.9,911.9,911.905,903.5,,1.8,,never_filled,,0.0,0.0,0.0,0.0,False,never_filled,0.0,0.0,0,-1,-1,10,discount,0.0,,5.0,4.0,0.0,0.0,1.0,0.0,"structure,freshness",False,h1_only,2008-02-03T23:00:00+00:00,BOS,Confirm,holding,False,none,False,0,1.78,3.18,3.18,strong,0.716,,5.84,3.492857,False,,,,,False,9,bearish,with_trend,2008-02-04T08:00:00+00:00,1,2008-02-04T08:00:00+00:00,SHORT,counter,30.5,False,1,no_fvg,Other,London,False,False,never_filled,False,"London Open: 02:00-05:00 America/New_York, New York (forex): 07:00-10:00 America/New_York, London Close: 10:00-12:00 America/New_York"
A0958,GOLD,2008-02-05T09:00:00+00:00,2008-02-06T13:00:00+00:00,2008-02-06T13:00:00+00:00,London,bearish,BOS BOS,proximal,901.2,903.1,903.105,896.5,,2.47,,sl,903.105,-1.0,-1.0,-1.0,-250.0,True,,0.0,-0.0,0,-1,-1,5,premium,0.0,,7.8,3.0,1.83,2.0,1.0,0.0,"structure,sweep,fvg,freshness",False,h1_only,2008-02-05T04:00:00+00:00,BOS,BOS,holding,True,pristine,True,0,0.58,2.32,2.32,solid,0.506,0.724,3.147,2.764286,False,,,,,False,9,bearish,with_trend,2008-02-05T08:00:00+00:00,1,2008-02-05T07:00:00+00:00,SHORT,aligned,73.0,False,3,fresh,Asia,NY,False,True,Fill only,False,"London Open: 02:00-05:00 America/New_York, New York (forex): 07:00-10:00 America/New_York, London Close: 10:00-12:00 America/New_York"
A0959,GOLD,2008-02-08T08:00:00+00:00,2008-02-08T13:00:00+00:00,2008-02-08T18:00:00+00:00,London,bullish,Confirmation BOS,proximal,910.1,907.3,907.295,921.4,,4.04,,friday_flat,918.3,2.923,4.04,0.0,730.75,True,,3.458,-0.357,5,7,-1,2,premium,0.0,,6.2,4.0,1.22,0.0,1.0,0.0,"structure,sweep,freshness",False,h1_only,2008-02-08T06:00:00+00:00,BOS,Confirm,holding,False,none,True,0,1.94,2.15,2.15,solid,0.826,,7.179,2.785714,False,,,,,False,8,bullish,with_trend,2008-02-08T07:00:00+00:00,1,2008-02-08T07:00:00+00:00,LONG,counter,79.8,False,1,no_fvg,Asia,NY,False,True,Fill only,False,"London Open: 02:00-05:00 America/New_York, New York (forex): 07:00-10:00 America/New_York, London Close: 10:00-12:00 America/New_York"
A0960,GOLD,2008-02-11T06:00:00+00:00,2008-02-12T11:00:00+00:00,2008-02-12T15:00:00+00:00,Asia,bullish,BOS BOS,proximal,915.1,910.5,910.495,923.3,924.4,1.78,2.02,sl,915.1,0.0,-1.0,-1.0,0.0,True,,1.368,-0.803,4,-1,-1,18,premium,0.0,,3.5,3.0,0.0,0.0,0.5,0.0,"structure,freshness",False,h1_only,2008-02-08T10:00:00+00:00,BOS,BOS,holding,False,none,False,1,0.51,1.21,1.21,marginal,1.603,,1.369,2.557143,False,,,,,False,6,bullish,with_trend,2008-02-11T05:00:00+00:00,1,2008-02-08T12:00:00+00:00,LONG,counter,77.8,False,2,no_fvg,London,London,False,False,Neither,True,"London Open: 02:00-05:00 America/New_York, New York (forex): 07:00-10:00 America/New_York, London Close: 10:00-12:00 America/New_York"
A0961,GOLD,2008-02-12T07:00:00+00:00,2008-02-12T11:00:00+00:00,2008-02-12T12:00:00+00:00,London,bullish,BOS BOS,proximal,915.9,911.8,911.795,923.3,924.4,1.8,2.07,sl,911.795,-1.0,-1.0,-1.0,-250.0,True,,1.34,-0.731,1,-1,-1,44,premium,0.0,,4.0,3.0,0.0,0.0,0.0,1.0,structure,False,h1_only,2008-02-08T08:00:00+00:00,BOS,BOS,holding,False,none,False,2,0.58,1.06,1.06,marginal,1.738,,1.69,2.071429,False,,,,,False,7,bullish,with_trend,2008-02-12T06:00:00+00:00,1,2008-02-08T10:00:00+00:00,LONG,counter,73.7,False,2,no_fvg,London,London,True,False,OB only,False,"London Open: 02:00-05:00 America/New_York, New York (forex): 07:00-10:00 America/New_York, London Close: 10:00-12:00 America/New_York"
A0962,GOLD,2008-02-12T16:00:00+00:00,2008-02-13T07:00:00+00:00,2008-02-13T09:00:00+00:00,NY,bullish,CHoCH CHoCH,proximal,897.5,893.6,893.595,905.2,,1.97,,tp1,905.2,1.972,1.97,2.791,493.0,True,,2.074,-0.435,2,2,-1,96,discount,1.0,True,5.2,4.0,1.22,0.0,0.0,0.0,"structure,sweep",False,h1_only,2008-02-06T11:00:00+00:00,CHoCH,CHoCH,holding,False,full,True,2,1.65,1.57,1.05,marginal,1.333,,0.98,2.55,False,,,,,False,16,bullish,with_trend,2008-02-12T15:00:00+00:00,1,2008-02-06T12:00:00+00:00,LONG,aligned,46.3,False,0,stale,London,London,False,True,Fill only,False,"London Open: 02:00-05:00 America/New_York, New York (forex): 07:00-10:00 America/New_York, London Close: 10:00-12:00 America/New_York"
A0963,GOLD,2008-02-12T16:00:00+00:00,,,NY,bearish,CHoCH CHoCH,proximal,915.3,920.3,920.305,907.8,,1.5,,never_filled,,0.0,0.0,0.0,0.0,False,never_filled,0.0,0.0,0,-1,-1,2,premium,1.0,True,6.0,4.0,0.0,0.0,1.0,1.0,"structure,freshness",False,h1_only,2008-02-12T14:00:00+00:00,CHoCH,CHoCH,holding,False,none,False,0,1.3,1.7,1.13,marginal,1.193,,1.246,3.771429,False,,,,,False,16,bullish,against_trend,2008-02-12T15:00:00+00:00,1,2008-02-12T15:00:00+00:00,SHORT,aligned,76.3,False,0,no_fvg,NY,NY,True,False,never_filled,False,"London Open: 02:00-05:00 America/New_York, New York (forex): 07:00-10:00 America/New_York, London Close: 10:00-12:00 America/New_York"
A0964,GOLD,2008-02-14T13:00:00+00:00,2008-02-14T14:00:00+00:00,2008-02-15T00:00:00+00:00,NY,bearish,BOS BOS,proximal,908.1,912.8,912.805,901.0,,1.51,,window_end,908.4,-0.064,-0.064,-0.064,-16.0,False,unresolved:window_end,0.701,-0.786,9,-1,-1,7,premium,0.0,,4.0,3.0,0.0,0.0,1.0,0.0,"structure,freshness",False,h1_only,2008-02-14T06:00:00+00:00,BOS,BOS,holding,False,none,False,0,0.62,1.58,1.58,solid,1.539,,1.356,2.728571,False,,,,,False,13,bearish,with_trend,2008-02-14T12:00:00+00:00,1,2008-02-14T12:00:00+00:00,SHORT,aligned,69.1,False,2,no_fvg,Asia,NY,False,True,Fill only,False,"London Open: 02:00-05:00 America/New_York, New York (forex): 07:00-10:00 America/New_York, London Close: 10:00-12:00 America/New_York"
